"JW-B.Open" "JW-B.High" "JW-B.Low" "JW-B.Close" "JW-B.Volume" "JW-B.Adjusted"
"2017-10-16" 52.740002 52.790001 52.740002 52.740002 2100 52.484257
"2017-10-17" 52.740002 52.740002 52.740002 52.740002 0 52.484257
"2017-10-18" 52.740002 52.740002 52.740002 52.740002 0 52.484257
"2017-10-19" 52.740002 52.740002 52.740002 52.740002 0 52.484257
"2017-10-20" 52.740002 52.740002 52.740002 52.740002 0 52.484257
"2017-10-23" 54.310001 54.310001 53.790001 53.790001 200 53.529163
"2017-10-24" 53.790001 53.790001 53.790001 53.790001 0 53.529163
"2017-10-25" 53.790001 53.790001 53.790001 53.790001 0 53.529163
"2017-10-26" 53.790001 53.790001 53.790001 53.790001 0 53.529163
"2017-10-27" 53.790001 53.790001 53.790001 53.790001 0 53.529163
"2017-10-30" 53.790001 53.790001 53.790001 53.790001 0 53.529163
"2017-10-31" 53.790001 53.790001 53.790001 53.790001 0 53.529163
"2017-11-01" 54.860001 54.860001 54.860001 54.860001 100 54.593975
"2017-11-02" 54.860001 54.860001 54.860001 54.860001 0 54.593975
"2017-11-03" 54.860001 54.860001 54.860001 54.860001 0 54.593975
"2017-11-06" 54.860001 54.860001 54.860001 54.860001 0 54.593975
"2017-11-07" 54.860001 54.860001 54.860001 54.860001 0 54.593975
"2017-11-08" 54.860001 54.860001 54.860001 54.860001 0 54.593975
"2017-11-09" 54.860001 54.860001 54.860001 54.860001 0 54.593975
"2017-11-10" 56 56 56 56 100 55.728447
"2017-11-13" 56 56 56 56 0 55.728447
"2017-11-14" 56 56 56 56 0 55.728447
"2017-11-15" 55 55.380001 54.84 55.380001 500 55.111454
"2017-11-16" 55.950001 56.150002 55.950001 56.150002 1200 55.87772
"2017-11-17" 56.150002 56.150002 56.150002 56.150002 0 55.87772
"2017-11-20" 56.48 56.48 56.48 56.48 100 56.206116
"2017-11-21" 56.98 56.98 56.98 56.98 300 56.703693
"2017-11-22" 56.98 56.98 56.98 56.98 0 56.703693
"2017-11-24" 56.98 56.98 56.98 56.98 100 56.703693
"2017-11-27" 58 58.439999 58 58.439999 300 58.156612
"2017-11-28" 59 59.66 59 59.66 600 59.370697
"2017-11-29" 59.43 59.43 58.549999 58.549999 500 58.266079
"2017-11-30" 58.549999 58.549999 58.549999 58.549999 0 58.266079
"2017-12-01" 58.5 58.73 58.18 58.73 500 58.445206
"2017-12-04" 58.73 58.73 58.73 58.73 0 58.445206
"2017-12-05" 58.84 58.84 58.84 58.84 200 58.554672
"2017-12-06" 60.540001 60.540001 60.360001 60.459999 300 60.166817
"2017-12-07" 62.599998 63.43 61.700001 63.43 900 63.122417
"2017-12-08" 63.43 63.43 63.43 63.43 0 63.122417
"2017-12-11" 63.43 63.43 63.43 63.43 0 63.122417
"2017-12-12" 63.43 63.43 63.43 63.43 0 63.122417
"2017-12-13" 64.260002 64.260002 63.959999 63.959999 1700 63.649845
"2017-12-14" 64.370003 64.480003 64.370003 64.389999 500 64.077759
"2017-12-15" 65.07 65.599998 65.07 65.599998 900 65.281891
"2017-12-18" 65.989998 65.989998 65.989998 65.989998 100 65.669998
"2017-12-19" 65.989998 65.989998 65.989998 65.989998 0 65.669998
"2017-12-20" 65.989998 65.989998 65.989998 65.989998 0 65.669998
"2017-12-21" 65.769997 65.989998 65.769997 65.989998 300 65.669998
"2017-12-22" 65.989998 65.989998 65.989998 65.989998 0 65.989998
"2017-12-26" 65.989998 65.989998 65.989998 65.989998 0 65.989998
"2017-12-27" 65.989998 65.989998 65.989998 65.989998 0 65.989998
"2017-12-28" 65.989998 65.989998 65.989998 65.989998 0 65.989998
"2017-12-29" 65.989998 65.989998 65.989998 65.989998 0 65.989998
"2018-01-02" 65.989998 65.989998 65.989998 65.989998 0 65.989998
"2018-01-03" 65.989998 65.989998 65.989998 65.989998 0 65.989998
"2018-01-04" 65.989998 65.989998 65.989998 65.989998 0 65.989998
"2018-01-05" 65.989998 65.989998 65.989998 65.989998 0 65.989998
"2018-01-08" 65.989998 65.989998 65.989998 65.989998 0 65.989998
"2018-01-09" 65.699997 66.839996 65.699997 66.839996 300 66.839996
"2018-01-10" 65.150002 65.150002 65 65 500 65
"2018-01-11" 65 65 65 65 0 65
"2018-01-12" 65 65 65 65 0 65
"2018-01-16" 66 66 65.370003 65.370003 400 65.370003
"2018-01-17" 65.370003 65.370003 65.370003 65.370003 0 65.370003
"2018-01-18" 65.370003 65.370003 65.370003 65.370003 0 65.370003
"2018-01-19" 65.629997 65.629997 65.629997 65.629997 100 65.629997
